3 0.489615 0.763994 0.560567 0.016172
2 0.435770 0.425986 0.488052 0.017715
2 0.436810 0.444492 0.486846 0.017715
2 0.439150 0.462539 0.484201 0.017715
2 0.439041 0.480005 0.486163 0.017705
2 0.445923 0.577749 0.493445 0.036279
2 0.440640 0.513730 0.489709 0.017715
2 0.439942 0.496270 0.486279 0.017715
2 0.448641 0.615737 0.496701 0.035791
2 0.451657 0.644150 0.500756 0.018594
2 0.453844 0.663413 0.501584 0.017705
2 0.456621 0.693066 0.503445 0.036914
2 0.428997 0.332158 0.495058 0.017715
0 0.498677 0.148701 0.443721 0.027285
2 0.442994 0.531597 0.493430 0.017705
2 0.443532 0.549639 0.493430 0.017715
2 0.430487 0.351299 0.495044 0.017715
2 0.431875 0.370938 0.492645 0.017715
2 0.433837 0.389336 0.492645 0.017715
1 0.347522 0.866528 0.258270 0.016553
2 0.434804 0.408281 0.491410 0.017715
