2 0.389178 0.413408 0.378378 0.015767
0 0.384961 0.240742 0.145500 0.020300
3 0.385939 0.634638 0.370500 0.013558
2 0.389678 0.430117 0.378378 0.015767
2 0.388078 0.396921 0.378378 0.015325
2 0.386511 0.379700 0.378378 0.015767
2 0.390533 0.446746 0.378378 0.015775
2 0.391111 0.463492 0.378378 0.014017
2 0.392694 0.480337 0.378367 0.013658
2 0.393344 0.496471 0.378378 0.014058
2 0.392850 0.512821 0.380011 0.013858
1 0.515122 0.794875 0.143600 0.013583
2 0.394611 0.582071 0.385622 0.011542
2 0.395883 0.609008 0.386056 0.032117
2 0.393328 0.529967 0.380122 0.012950
2 0.393867 0.547879 0.382533 0.012675
2 0.394022 0.564408 0.385067 0.012517
