3 0.598083 0.611337 0.151922 0.012158
2 0.501022 0.422608 0.373222 0.012117
2 0.500944 0.396417 0.374333 0.012500
0 0.471767 0.236013 0.230444 0.032025
2 0.500511 0.363279 0.372911 0.024392
2 0.501278 0.383000 0.373222 0.011000
2 0.500222 0.409825 0.373222 0.011000
1 0.495550 0.724996 0.219100 0.013475
2 0.500611 0.542221 0.381889 0.012725
2 0.500044 0.528663 0.380978 0.012675
2 0.500678 0.515254 0.380022 0.012492
2 0.500472 0.501617 0.379833 0.012267
2 0.501394 0.482542 0.377211 0.023583
2 0.500833 0.462967 0.375222 0.012567
2 0.501094 0.450171 0.374411 0.012825
2 0.501183 0.436663 0.375033 0.012508
