2 0.468439 0.321027 0.398545 0.018264
2 0.469438 0.275427 0.394220 0.017183
2 0.468843 0.291131 0.396177 0.017817
2 0.468631 0.305526 0.396177 0.017817
2 0.467937 0.335541 0.399180 0.019931
2 0.464497 0.472773 0.401958 0.017946
2 0.464636 0.458616 0.402288 0.017946
2 0.465410 0.441558 0.402381 0.019861
2 0.465390 0.426627 0.400701 0.019563
2 0.466382 0.410446 0.400701 0.020377
2 0.467553 0.395179 0.400899 0.020952
2 0.467321 0.380516 0.401786 0.020516
2 0.467526 0.365833 0.400714 0.017937
2 0.467335 0.350938 0.399511 0.021438
2 0.470787 0.231131 0.392553 0.014762
2 0.470205 0.246091 0.392976 0.015139
2 0.469861 0.259534 0.394220 0.014762
0 0.460972 0.144955 0.141521 0.020308
2 0.463519 0.489335 0.403122 0.017937
1 0.467811 0.737485 0.216601 0.013720
3 0.566131 0.538502 0.157659 0.013909
