2 0.458833 0.210036 0.412028 0.019302
2 0.452403 0.386224 0.408944 0.015260
2 0.450819 0.430370 0.407861 0.014948
2 0.449361 0.459625 0.407861 0.014958
2 0.450444 0.416068 0.407861 0.014948
2 0.451549 0.401120 0.408847 0.014365
2 0.445215 0.559839 0.412931 0.016031
2 0.444347 0.582531 0.414750 0.029104
2 0.443188 0.604688 0.418125 0.017104
2 0.442194 0.635396 0.419278 0.016417
0 0.454840 0.127057 0.144597 0.025365
1 0.429986 0.804927 0.238556 0.015125
2 0.450042 0.444328 0.407861 0.014948
2 0.459306 0.223990 0.409167 0.019313
2 0.459153 0.238745 0.412028 0.019302
2 0.454500 0.327750 0.410083 0.018667
2 0.455257 0.312766 0.409264 0.018010
2 0.455604 0.298672 0.409264 0.019302
2 0.457493 0.268885 0.410542 0.019312
2 0.458333 0.253464 0.410278 0.019302
2 0.446021 0.544849 0.411292 0.014948
2 0.447264 0.531188 0.408806 0.014958
2 0.448236 0.502151 0.407861 0.014948
2 0.448250 0.487932 0.407861 0.014948
2 0.448833 0.473448 0.407861 0.014958
2 0.454326 0.342661 0.409764 0.016760
2 0.443007 0.620177 0.418764 0.016813
2 0.453451 0.357229 0.408847 0.016167
2 0.452882 0.371229 0.408736 0.016500
3 0.547750 0.681688 0.164639 0.014542
2 0.447653 0.516479 0.407861 0.014958
