0 0.499208 0.146425 0.336459 0.055970
2 0.467705 0.818320 0.644662 0.013820
2 0.487598 0.451875 0.514520 0.026150
1 0.481975 0.279940 0.479075 0.022080
2 0.485249 0.464665 0.519929 0.026750
2 0.484448 0.479085 0.524698 0.023990
2 0.485071 0.493275 0.529466 0.022550
2 0.492518 0.310660 0.486886 0.031720
2 0.489991 0.410315 0.503470 0.029230
2 0.491824 0.322265 0.486886 0.031730
2 0.490907 0.338465 0.487580 0.039730
2 0.491246 0.363735 0.493310 0.040790
2 0.468710 0.851195 0.642438 0.014530
2 0.469039 0.868570 0.638719 0.015860
2 0.475996 0.757750 0.627082 0.033860
2 0.478238 0.731585 0.620676 0.017070
2 0.479457 0.714265 0.615142 0.014870
2 0.481762 0.696435 0.607295 0.014870
2 0.490961 0.384215 0.499004 0.030050
2 0.483203 0.679545 0.600925 0.015790
2 0.484555 0.645170 0.592100 0.015940
2 0.485498 0.628600 0.585801 0.014880
2 0.486165 0.612635 0.580160 0.015510
2 0.484813 0.568010 0.557669 0.019380
2 0.489956 0.396800 0.500907 0.030040
3 0.535445 0.939385 0.405979 0.017430
2 0.485667 0.542805 0.543932 0.031170
2 0.484297 0.524885 0.538310 0.023170
2 0.485552 0.588945 0.564804 0.032310
2 0.483505 0.662265 0.595979 0.015330
2 0.489190 0.423625 0.506815 0.030050
2 0.484537 0.506865 0.534093 0.022530
2 0.468541 0.834935 0.642456 0.014530
2 0.471219 0.793870 0.642082 0.033860
